[property]
output-width=1920
output-height=1080
num-batch-buffers=1

[surface0]
projection-type=3
width=1920
height=1080
focal-length=868.6760559082031
distortion=-0.28132888674736023;0.05087989941239357;-0.0019305371679365635;-0.0008035982609726489;0.0023074764758348465
src-x0=919.4879150390625
src-y0=522.186767578125
